Sensor type,x,y,z,time (ms)
emg,3101,0.0,0.0,12.052
acc,-0.144,-0.117,0.9101,15.824
emg,3325,0.0,0.0,26.141
acc,-0.140,-0.105,0.9179,27.816
emg,3618,0.0,0.0,38.610
acc,-0.128,-0.117,0.9023,40.255
emg,3865,0.0,0.0,50.369
acc,-0.125,-0.121,0.8945,51.992
emg,4067,0.0,0.0,62.012
acc,-0.140,-0.117,0.8906,63.623
emg,4131,0.0,0.0,73.78
acc,-0.136,-0.109,0.9023,75.389
emg,4293,0.0,0.0,85.625
acc,-0.113,-0.140,0.8945,87.229
emg,4433,0.0,0.0,97.253
acc,-0.117,-0.136,0.8984,98.859
emg,4437,0.0,0.0,109.06
acc,-0.117,-0.128,0.9062,110.66
emg,4554,0.0,0.0,120.65
acc,-0.140,-0.109,0.8867,122.25
emg,4633,0.0,0.0,132.46
acc,-0.128,-0.140,0.8906,134.06
emg,4648,0.0,0.0,144.32
acc,-0.109,-0.136,0.8945,145.92
emg,4652,0.0,0.0,156.14
acc,-0.121,-0.125,0.8632,157.74
emg,4742,0.0,0.0,167.95
acc,-0.121,-0.121,0.9140,169.55
emg,4789,0.0,0.0,179.76
acc,-0.121,-0.109,0.9023,181.35
emg,4743,0.0,0.0,191.35
acc,-0.136,-0.097,0.9062,192.95
emg,4863,0.0,0.0,202.95
acc,-0.136,-0.113,0.9023,204.56
emg,4902,0.0,0.0,214.55
acc,-0.128,-0.125,0.9023,216.16
emg,4879,0.0,0.0,226.30
acc,-0.121,-0.109,0.8906,227.98
emg,4922,0.0,0.0,238.04
acc,-0.105,-0.121,0.8828,239.66
emg,4971,0.0,0.0,249.70
acc,-0.125,-0.113,0.8867,251.51
emg,4965,0.0,0.0,261.66
acc,-0.113,-0.117,0.8632,263.36
emg,4894,0.0,0.0,273.44
acc,-0.109,-0.132,0.9062,275.05
emg,4982,0.0,0.0,285.30
acc,-0.121,-0.125,0.8906,286.90
emg,5037,0.0,0.0,296.93
acc,-0.121,-0.121,0.9062,298.53
emg,4965,0.0,0.0,308.52
acc,-0.121,-0.125,0.9023,310.13
emg,5029,0.0,0.0,320.32
acc,-0.128,-0.132,0.8867,321.92
emg,5063,0.0,0.0,332.06
acc,-0.125,-0.125,0.9101,333.67
emg,5036,0.0,0.0,343.88
acc,-0.121,-0.132,0.9023,345.48
emg,5002,0.0,0.0,355.69
acc,-0.128,-0.132,0.8828,357.29
emg,5046,0.0,0.0,367.52
acc,-0.136,-0.125,0.9023,369.12
emg,5049,0.0,0.0,379.33
acc,-0.125,-0.144,0.8515,380.92
emg,4943,0.0,0.0,391.13
acc,-0.140,-0.125,0.8906,392.74
emg,5015,0.0,0.0,402.95
acc,-0.117,-0.136,0.8984,404.56
emg,5041,0.0,0.0,414.59
acc,-0.125,-0.117,0.8984,416.20
emg,4983,0.0,0.0,426.41
acc,-0.109,-0.136,0.9023,428.01
emg,5006,0.0,0.0,438.21
acc,-0.125,-0.121,0.9101,439.81
emg,5037,0.0,0.0,450.01
acc,-0.109,-0.136,0.9101,451.62
emg,5060,0.0,0.0,461.61
acc,-0.121,-0.121,0.8906,463.22
emg,4992,0.0,0.0,473.47
acc,-0.105,-0.117,0.9179,475.07
emg,5073,0.0,0.0,485.29
acc,-0.121,-0.113,0.8906,486.90
emg,5117,0.0,0.0,496.93
acc,-0.089,-0.128,0.9101,498.53
emg,5047,0.0,0.0,508.74
acc,-0.125,-0.117,0.9062,510.34
emg,5124,0.0,0.0,520.54
acc,-0.128,-0.121,0.9023,522.13
emg,5141,0.0,0.0,532.42
acc,-0.101,-0.144,0.9257,534.03
emg,5122,0.0,0.0,544.30
acc,-0.140,-0.136,0.8867,545.91
emg,5086,0.0,0.0,556.13
acc,-0.117,-0.121,0.8906,557.73
emg,5163,0.0,0.0,567.73
acc,-0.128,-0.132,0.8906,569.33
emg,5205,0.0,0.0,579.32
acc,-0.117,-0.125,0.8906,580.94
emg,5121,0.0,0.0,591.17
acc,-0.113,-0.132,0.9179,592.77
emg,5231,0.0,0.0,602.84
acc,-0.125,-0.140,0.9062,604.49
emg,5260,0.0,0.0,614.54
acc,-0.113,-0.117,0.9023,616.16
emg,5227,0.0,0.0,626.43
acc,-0.128,-0.121,0.8867,628.04
emg,5245,0.0,0.0,638.20
acc,-0.140,-0.109,0.8984,639.81
emg,5286,0.0,0.0,649.88
acc,-0.125,-0.128,0.8945,651.48
emg,5310,0.0,0.0,661.52
acc,-0.132,-0.121,0.9023,663.13
emg,5237,0.0,0.0,673.42
acc,-0.121,-0.132,0.8789,675.02
emg,5313,0.0,0.0,685.02
acc,-0.121,-0.125,0.8945,686.62
emg,5325,0.0,0.0,696.67
acc,-0.121,-0.125,0.9179,698.28
emg,5242,0.0,0.0,708.27
acc,-0.113,-0.117,0.8945,709.88
emg,5310,0.0,0.0,720.09
acc,-0.125,-0.121,0.8945,721.70
emg,5311,0.0,0.0,731.84
acc,-0.125,-0.101,0.8476,733.45
emg,5271,0.0,0.0,743.66
acc,-0.128,-0.128,0.9023,745.27
emg,5270,0.0,0.0,755.30
acc,-0.132,-0.128,0.9062,756.91
emg,5301,0.0,0.0,767.12
acc,-0.125,-0.113,0.8632,768.72
emg,5297,0.0,0.0,778.95
acc,-0.117,-0.132,0.8867,780.56
emg,5214,0.0,0.0,790.59
acc,-0.128,-0.105,0.8945,792.20
emg,5287,0.0,0.0,802.21
acc,-0.105,-0.140,0.8867,803.82
emg,5274,0.0,0.0,814.06
acc,-0.125,-0.117,0.9023,815.66
emg,5200,0.0,0.0,825.81
acc,-0.132,-0.113,0.8984,827.42
emg,5239,0.0,0.0,837.63
acc,-0.117,-0.148,0.8828,839.24
emg,5248,0.0,0.0,849.45
acc,-0.125,-0.128,0.8867,851.05
emg,5257,0.0,0.0,861.08
acc,-0.125,-0.121,0.8984,862.69
emg,5223,0.0,0.0,872.75
acc,-0.136,-0.128,0.9101,874.37
emg,5266,0.0,0.0,884.62
acc,-0.125,-0.128,0.9023,886.24
emg,5263,0.0,0.0,896.47
acc,-0.132,-0.128,0.9023,898.07
emg,5171,0.0,0.0,908.28
acc,-0.128,-0.113,0.8945,909.89
emg,5246,0.0,0.0,920.09
acc,-0.132,-0.117,0.8984,921.70
emg,5233,0.0,0.0,931.91
acc,-0.136,-0.128,0.9101,933.51
emg,5216,0.0,0.0,943.50
acc,-0.121,-0.109,0.9101,945.11
emg,5216,0.0,0.0,955.35
acc,-0.117,-0.113,0.9062,956.96
emg,5235,0.0,0.0,967.18
acc,-0.117,-0.113,0.9101,968.78
emg,5247,0.0,0.0,978.77
acc,-0.152,-0.109,0.9023,980.38
emg,5173,0.0,0.0,990.41
acc,-0.132,-0.121,0.8945,992.01
emg,5254,0.0,0.0,1002.2
acc,-0.125,-0.128,0.8945,1003.8
emg,5277,0.0,0.0,1014.0
acc,-0.132,-0.117,0.9023,1015.6
emg,5247,0.0,0.0,1025.8
acc,-0.121,-0.132,0.8906,1027.4
emg,5313,0.0,0.0,1037.6
acc,-0.101,-0.125,0.9140,1039.2
emg,5345,0.0,0.0,1049.2
acc,-0.136,-0.113,0.9335,1050.8
emg,5329,0.0,0.0,1061.0
acc,-0.132,-0.117,0.8945,1062.6
emg,5286,0.0,0.0,1072.8
acc,-0.187,-0.117,0.9101,1074.6
emg,5344,0.0,0.0,1084.6
acc,-0.125,-0.132,0.9062,1086.2
emg,5382,0.0,0.0,1096.2
acc,-0.117,-0.113,0.8867,1097.9
emg,5310,0.0,0.0,1108.1
acc,-0.136,-0.113,0.8906,1109.7
emg,5386,0.0,0.0,1119.9
acc,-0.121,-0.101,0.8828,1121.5
emg,5385,0.0,0.0,1131.5
acc,-0.121,-0.117,0.8867,1133.1
emg,5340,0.0,0.0,1143.2
acc,-0.113,-0.121,0.9062,1144.8
emg,5372,0.0,0.0,1154.8
acc,-0.117,-0.128,0.8984,1156.4
emg,5392,0.0,0.0,1166.6
acc,-0.125,-0.136,0.8945,1168.2
emg,5401,0.0,0.0,1178.3
acc,-0.132,-0.128,0.9023,1179.9
emg,5322,0.0,0.0,1190.1
acc,-0.132,-0.136,0.8867,1191.7
emg,5362,0.0,0.0,1201.9
acc,-0.132,-0.132,0.8984,1203.5
emg,5348,0.0,0.0,1213.5
acc,-0.125,-0.132,0.9101,1215.1
emg,5256,0.0,0.0,1225.1
acc,-0.128,-0.109,0.9062,1226.7
emg,5327,0.0,0.0,1236.9
acc,-0.128,-0.109,0.8945,1238.5
emg,5341,0.0,0.0,1248.8
acc,-0.128,-0.113,0.8984,1250.4
emg,5350,0.0,0.0,1260.5
acc,-0.121,-0.117,0.9023,1262.2
emg,5320,0.0,0.0,1272.2
acc,-0.113,-0.117,0.8906,1273.8
emg,5404,0.0,0.0,1283.9
acc,-0.117,-0.117,0.8945,1285.5
emg,5416,0.0,0.0,1295.7
acc,-0.125,-0.113,0.9179,1297.3
emg,5344,0.0,0.0,1307.4
acc,-0.125,-0.128,0.8828,1309.0
emg,5441,0.0,0.0,1319.0
acc,-0.113,-0.121,0.8906,1320.5
emg,5462,0.0,0.0,1330.6
acc,-0.125,-0.125,0.8867,1332.2
emg,5372,0.0,0.0,1342.4
acc,-0.144,-0.128,0.9179,1344.0
emg,5425,0.0,0.0,1354.3
acc,-0.128,-0.125,0.8867,1355.9
emg,5424,0.0,0.0,1366.1
acc,-0.132,-0.117,0.8828,1367.7
emg,5400,0.0,0.0,1377.9
acc,-0.132,-0.152,0.9140,1379.5
emg,5336,0.0,0.0,1389.8
acc,-0.117,-0.121,0.8867,1391.4
emg,5400,0.0,0.0,1401.6
acc,-0.121,-0.128,0.9023,1403.2
emg,5419,0.0,0.0,1413.3
acc,-0.121,-0.125,0.8945,1414.9
emg,5311,0.0,0.0,1425.1
acc,-0.136,-0.132,0.8906,1426.7
emg,5356,0.0,0.0,1436.9
acc,-0.109,-0.132,0.9062,1438.5
emg,5358,0.0,0.0,1448.6
acc,-0.125,-0.117,0.8476,1450.2
emg,5312,0.0,0.0,1460.4
acc,-0.113,-0.125,0.9023,1462.0
emg,5295,0.0,0.0,1472.2
acc,-0.132,-0.121,0.8906,1473.8
emg,5333,0.0,0.0,1484.0
acc,-0.132,-0.125,0.8828,1485.6
emg,5356,0.0,0.0,1495.7
acc,-0.117,-0.109,0.9023,1497.3
emg,5271,0.0,0.0,1507.5
acc,-0.125,-0.117,0.9101,1509.1
emg,5351,0.0,0.0,1519.2
acc,-0.132,-0.125,0.8945,1520.8
emg,5344,0.0,0.0,1531.1
acc,-0.136,-0.121,0.8906,1532.7
emg,5291,0.0,0.0,1543.0
acc,-0.121,-0.128,0.8906,1544.6
emg,5342,0.0,0.0,1554.8
acc,-0.121,-0.128,0.8984,1556.4
emg,5378,0.0,0.0,1566.6
acc,-0.121,-0.121,0.9101,1568.2
emg,5406,0.0,0.0,1578.3
acc,-0.121,-0.113,0.8945,1579.9
emg,5335,0.0,0.0,1590.0
acc,-0.117,-0.121,0.8906,1591.6
emg,5401,0.0,0.0,1601.6
acc,-0.125,-0.128,0.8828,1603.2
emg,5399,0.0,0.0,1613.5
acc,-0.117,-0.101,0.8906,1615.1
emg,5323,0.0,0.0,1625.3
acc,-0.125,-0.140,0.9062,1626.9
emg,5404,0.0,0.0,1637.0
acc,-0.125,-0.136,0.8906,1638.6
emg,5411,0.0,0.0,1648.8
acc,-0.109,-0.078,0.875,1650.4
emg,5395,0.0,0.0,1660.7
acc,-0.121,-0.121,0.8945,1662.3
emg,5389,0.0,0.0,1672.3
acc,-0.109,-0.117,0.8945,1673.9
emg,5415,0.0,0.0,1684.1
acc,-0.128,-0.132,0.8828,1685.7
emg,5403,0.0,0.0,1695.9
acc,-0.121,-0.121,0.8984,1697.5
emg,5318,0.0,0.0,1707.7
acc,-0.097,-0.121,0.9062,1709.3
emg,5408,0.0,0.0,1719.4
acc,-0.132,-0.160,0.8789,1721.1
emg,5426,0.0,0.0,1731.4
acc,-0.128,-0.128,0.9023,1733.1
emg,5369,0.0,0.0,1743.3
acc,-0.117,-0.140,0.8945,1744.9
emg,5352,0.0,0.0,1755.2
acc,-0.113,-0.140,0.9101,1756.8
emg,5371,0.0,0.0,1767.1
acc,-0.113,-0.132,0.8867,1768.7
emg,5378,0.0,0.0,1779.0
acc,-0.109,-0.121,0.8945,1780.6
emg,5313,0.0,0.0,1790.7
acc,-0.121,-0.132,0.9062,1792.4
emg,5398,0.0,0.0,1802.6
acc,-0.117,-0.117,0.9140,1804.2
emg,5412,0.0,0.0,1814.3
acc,-0.121,-0.121,0.8945,1815.9
emg,5339,0.0,0.0,1826.2
acc,-0.121,-0.117,0.8984,1828.0
emg,5371,0.0,0.0,1838.1
acc,-0.121,-0.121,0.8945,1839.7
emg,5395,0.0,0.0,1849.7
acc,-0.121,-0.113,0.8867,1851.3
emg,5410,0.0,0.0,1861.6
acc,-0.144,-0.117,0.9062,1863.2
emg,5358,0.0,0.0,1873.4
acc,-0.132,-0.125,0.8984,1875.1
emg,5434,0.0,0.0,1885.4
acc,-0.132,-0.109,0.9062,1887.0
emg,5438,0.0,0.0,1897.3
acc,-0.121,-0.117,0.9023,1898.9
emg,5372,0.0,0.0,1909.1
acc,-0.125,-0.128,0.8984,1910.7
emg,5449,0.0,0.0,1920.8
acc,-0.113,-0.128,0.8945,1922.4
emg,5481,0.0,0.0,1932.5
acc,-0.113,-0.128,0.8906,1934.1
emg,5477,0.0,0.0,1944.4
acc,-0.121,-0.140,0.9023,1946.0
emg,5457,0.0,0.0,1956.1
acc,-0.152,-0.136,0.9101,1957.7
emg,5495,0.0,0.0,1968.0
acc,-0.136,-0.109,0.9179,1969.6
emg,5484,0.0,0.0,1979.8
acc,-0.097,-0.148,0.8945,1981.5
emg,5397,0.0,0.0,1991.5
acc,-0.121,-0.121,0.8945,1993.2
emg,5476,0.0,0.0,2003.3
acc,-0.117,-0.125,0.8945,2005.0
emg,5520,0.0,0.0,2015.0
acc,-0.105,-0.121,0.8906,2016.6
emg,5507,0.0,0.0,2026.6
acc,-0.128,-0.109,0.8867,2028.2
emg,5522,0.0,0.0,2038.2
acc,-0.128,-0.109,0.9101,2039.8
emg,5529,0.0,0.0,2049.9
acc,-0.117,-0.125,0.8945,2051.5
emg,5509,0.0,0.0,2061.7
acc,-0.125,-0.113,0.8984,2063.3
emg,5469,0.0,0.0,2073.3
acc,-0.132,-0.117,0.8906,2074.9
emg,5526,0.0,0.0,2085.2
acc,-0.152,-0.128,0.8906,2086.8
emg,5524,0.0,0.0,2097.0
acc,-0.156,-0.156,0.8906,2098.6
emg,5439,0.0,0.0,2108.8
acc,-0.164,-0.148,0.8945,2110.4
emg,5500,0.0,0.0,2120.6
acc,-0.125,-0.136,0.9101,2122.2
emg,5519,0.0,0.0,2132.2
acc,-0.093,-0.117,0.9062,2133.8
emg,5513,0.0,0.0,2143.9
acc,-0.078,-0.113,0.8984,2145.5
emg,5498,0.0,0.0,2155.6
acc,-0.054,-0.132,0.8984,2157.2
emg,5534,0.0,0.0,2167.2
acc,-0.066,-0.136,0.8554,2168.8
emg,5556,0.0,0.0,2178.8
acc,-0.093,-0.128,0.8789,2180.4
emg,5473,0.0,0.0,2190.4
acc,-0.136,-0.117,0.8984,2192.1
emg,5534,0.0,0.0,2202.1
acc,-0.128,-0.152,0.9023,2203.7
emg,5518,0.0,0.0,2213.7
acc,-0.128,-0.152,0.9140,2215.3
emg,5430,0.0,0.0,2225.3
acc,-0.117,-0.128,0.8789,2226.9
emg,5512,0.0,0.0,2236.9
acc,-0.121,-0.132,0.8945,2238.5
emg,5550,0.0,0.0,2248.7
acc,-0.113,-0.125,0.9023,2250.4
emg,5523,0.0,0.0,2260.5
acc,-0.089,-0.156,0.9179,2262.1
emg,5528,0.0,0.0,2272.1
acc,-0.113,-0.160,0.9023,2273.8
emg,5552,0.0,0.0,2284.0
acc,-0.109,-0.144,0.9062,2285.6
emg,5538,0.0,0.0,2295.6
acc,-0.097,-0.125,0.9140,2297.2
emg,5448,0.0,0.0,2307.3
acc,-0.140,-0.117,0.8828,2308.9
emg,5512,0.0,0.0,2319.1
acc,-0.156,-0.132,0.8984,2320.7
emg,5522,0.0,0.0,2330.9
acc,-0.148,-0.140,0.9023,2332.5
emg,5439,0.0,0.0,2342.5
acc,-0.160,-0.140,0.8984,2344.2
emg,5428,0.0,0.0,2354.3
acc,-0.148,-0.160,0.8828,2355.9
emg,5415,0.0,0.0,2366.0
acc,-0.109,-0.187,0.8945,2367.6
emg,5368,0.0,0.0,2377.8
acc,-0.136,-0.156,0.8828,2379.4
emg,5419,0.0,0.0,2389.5
acc,-0.128,-0.175,0.8945,2391.1
emg,5435,0.0,0.0,2401.3
acc,-0.117,-0.167,0.8906,2402.9
emg,5483,0.0,0.0,2413.2
acc,-0.113,-0.175,0.8828,2414.8
emg,5567,0.0,0.0,2424.9
acc,-0.105,-0.175,0.9023,2426.5
emg,5773,0.0,0.0,2436.7
acc,-0.089,-0.156,0.9101,2438.3
emg,5834,0.0,0.0,2448.3
acc,-0.074,-0.164,0.8945,2449.9
emg,5822,0.0,0.0,2459.9
acc,-0.109,-0.175,0.9296,2461.5
emg,5792,0.0,0.0,2471.6
acc,-0.097,-0.152,0.9023,2473.2
emg,5781,0.0,0.0,2483.3
acc,-0.105,-0.144,0.8945,2484.9
emg,5773,0.0,0.0,2495.0
acc,-0.097,-0.128,0.8867,2496.6
emg,5713,0.0,0.0,2506.8
acc,-0.121,-0.121,0.9062,2508.4
emg,5765,0.0,0.0,2518.4
acc,-0.105,-0.121,0.8945,2520.0
emg,5743,0.0,0.0,2530.2
acc,-0.132,-0.121,0.8867,2531.8
emg,5671,0.0,0.0,2542.0
acc,-0.136,-0.121,0.8945,2543.7
emg,5676,0.0,0.0,2553.7
acc,-0.148,-0.140,0.8906,2555.3
emg,5697,0.0,0.0,2565.3
acc,-0.156,-0.132,0.8984,2566.9
emg,5671,0.0,0.0,2576.9
acc,-0.121,-0.128,0.8984,2578.5
emg,5666,0.0,0.0,2588.5
acc,-0.089,-0.117,0.9101,2590.1
emg,5671,0.0,0.0,2600.2
acc,-0.093,-0.101,0.8984,2601.8
emg,5683,0.0,0.0,2612.0
acc,-0.109,-0.136,0.9023,2613.6
emg,5641,0.0,0.0,2623.6
acc,-0.136,-0.164,0.9140,2625.2
emg,5666,0.0,0.0,2635.4
acc,-0.132,-0.187,0.9023,2637.0
emg,5690,0.0,0.0,2647.2
acc,-0.156,-0.144,0.9179,2648.9
emg,5603,0.0,0.0,2659.1
acc,-0.105,-0.125,0.9101,2660.7
emg,5615,0.0,0.0,2670.7
acc,-0.078,-0.140,0.8710,2672.3
emg,5603,0.0,0.0,2682.6
acc,-0.093,-0.152,0.875,2684.2
emg,5606,0.0,0.0,2694.4
acc,-0.117,-0.175,0.8984,2696.0
emg,5557,0.0,0.0,2706.2
acc,-0.136,-0.203,0.9140,2707.8
emg,5593,0.0,0.0,2717.8
acc,-0.097,-0.179,0.8984,2719.4
emg,5598,0.0,0.0,2729.6
acc,-0.097,-0.171,0.9023,2731.2
emg,5547,0.0,0.0,2741.2
acc,-0.132,-0.144,0.9023,2742.8
emg,5521,0.0,0.0,2753.1
acc,-0.144,-0.171,0.8906,2754.8
emg,5495,0.0,0.0,2764.9
acc,-0.160,-0.183,0.9218,2766.5
emg,5480,0.0,0.0,2776.5
acc,-0.117,-0.171,0.8906,2778.1
emg,5520,0.0,0.0,2788.1
acc,-0.101,-0.171,0.8945,2789.7
emg,5506,0.0,0.0,2799.7
acc,-0.132,-0.164,0.9101,2801.3
emg,5485,0.0,0.0,2811.3
acc,-0.109,-0.144,0.8906,2812.9
emg,5409,0.0,0.0,2823.3
acc,-0.121,-0.171,0.8945,2824.9
emg,5471,0.0,0.0,2834.9
acc,-0.136,-0.160,0.8984,2836.5
emg,5518,0.0,0.0,2846.5
acc,-0.136,-0.183,0.8906,2848.1
emg,5434,0.0,0.0,2858.1
acc,-0.152,-0.179,0.8867,2859.8
emg,5453,0.0,0.0,2870.0
acc,-0.093,-0.160,0.8984,2871.6
emg,5460,0.0,0.0,2881.6
acc,-0.078,-0.144,0.8945,2883.3
emg,5441,0.0,0.0,2893.3
acc,-0.097,-0.128,0.8906,2894.9
emg,5486,0.0,0.0,2904.9
acc,-0.125,-0.160,0.8710,2906.5
emg,5546,0.0,0.0,2916.5
acc,-0.164,-0.167,0.8984,2918.1
emg,5594,0.0,0.0,2928.2
acc,-0.125,-0.160,0.8945,2929.8
emg,5516,0.0,0.0,2940.0
acc,-0.117,-0.132,0.9062,2941.6
emg,5549,0.0,0.0,2951.7
acc,-0.113,-0.132,0.8789,2953.3
emg,5554,0.0,0.0,2963.4
acc,-0.109,-0.113,0.875,2965.0
emg,5464,0.0,0.0,2975.0
acc,-0.132,-0.128,0.8867,2976.6
emg,5510,0.0,0.0,2986.6
acc,-0.132,-0.148,0.8945,2988.2
emg,5563,0.0,0.0,2998.2
acc,-0.148,-0.113,0.8867,2999.8
emg,5505,0.0,0.0,3010.0
acc,-0.140,-0.140,0.8984,3011.6
emg,5535,0.0,0.0,3021.6
acc,-0.117,-0.132,0.8945,3023.3
emg,5482,0.0,0.0,3033.5
acc,-0.101,-0.097,0.875,3035.1
emg,5451,0.0,0.0,3045.4
acc,-0.105,-0.113,0.8867,3047.0
emg,5409,0.0,0.0,3057.0
acc,-0.105,-0.132,0.9023,3058.6
emg,5453,0.0,0.0,3068.8
acc,-0.109,-0.152,0.8906,3070.4
emg,5433,0.0,0.0,3080.4
acc,-0.125,-0.160,0.8828,3082.0
emg,5360,0.0,0.0,3092.0
acc,-0.117,-0.164,0.8945,3093.6
emg,5407,0.0,0.0,3103.8
acc,-0.085,-0.148,0.9023,3105.5
emg,5431,0.0,0.0,3115.5
acc,-0.109,-0.125,0.8867,3117.1
emg,5398,0.0,0.0,3127.3
acc,-0.132,-0.144,0.9023,3128.9
emg,5380,0.0,0.0,3139.1
acc,-0.128,-0.156,0.8984,3140.7
emg,5455,0.0,0.0,3150.7
acc,-0.152,-0.156,0.8906,3152.3
emg,5476,0.0,0.0,3162.4
acc,-0.144,-0.152,0.9023,3164.0
emg,5458,0.0,0.0,3173.9
acc,-0.125,-0.132,0.8945,3175.5
emg,5541,0.0,0.0,3185.6
acc,-0.105,-0.125,0.8828,3187.2
emg,5584,0.0,0.0,3197.2
acc,-0.101,-0.152,0.8828,3198.8
emg,5507,0.0,0.0,3208.8
acc,-0.128,-0.132,0.8984,3210.4
emg,5522,0.0,0.0,3220.6
acc,-0.164,-0.136,0.9023,3222.2
emg,5458,0.0,0.0,3232.6
acc,-0.121,-0.152,0.8867,3234.3
emg,5449,0.0,0.0,3244.4
acc,-0.125,-0.128,0.8867,3246.0
emg,5397,0.0,0.0,3256.9
acc,-0.109,-0.113,0.8906,3258.5
emg,5496,0.0,0.0,3268.6
acc,-0.085,-0.125,0.8828,3270.2
emg,5548,0.0,0.0,3280.4
acc,-0.121,-0.152,0.9023,3282.0
emg,5467,0.0,0.0,3292.2
acc,-0.132,-0.152,0.8867,3293.8
emg,5501,0.0,0.0,3304.1
acc,-0.140,-0.117,0.9062,3305.7
emg,5547,0.0,0.0,3315.9
acc,-0.132,-0.144,0.8984,3317.5
emg,5561,0.0,0.0,3327.5
acc,-0.121,-0.128,0.9023,3329.1
emg,5544,0.0,0.0,3339.1
acc,-0.117,-0.140,0.875,3340.7
emg,5598,0.0,0.0,3350.8
acc,-0.109,-0.140,0.8945,3352.4
emg,5560,0.0,0.0,3362.6
acc,-0.128,-0.140,0.8945,3364.2
emg,5496,0.0,0.0,3374.3
acc,-0.121,-0.148,0.9062,3375.9
emg,5549,0.0,0.0,3386.1
acc,-0.128,-0.132,0.8906,3387.7
emg,5540,0.0,0.0,3397.7
acc,-0.125,-0.136,0.9023,3399.3
emg,5469,0.0,0.0,3409.5
acc,-0.101,-0.101,0.8867,3411.1
emg,5505,0.0,0.0,3421.4
acc,-0.121,-0.113,0.8945,3423.0
emg,5555,0.0,0.0,3432.9
acc,-0.132,-0.121,0.8867,3434.6
emg,5534,0.0,0.0,3444.8
acc,-0.140,-0.128,0.8984,3446.4
emg,5453,0.0,0.0,3456.6
acc,-0.148,-0.121,0.8945,3458.2
emg,5521,0.0,0.0,3468.5
acc,-0.167,-0.125,0.9023,3470.1
emg,5518,0.0,0.0,3480.1
acc,-0.128,-0.117,0.9023,3481.7
emg,5467,0.0,0.0,3491.9
acc,-0.128,-0.128,0.8867,3493.6
emg,5500,0.0,0.0,3503.8
acc,-0.097,-0.167,0.8945,3505.4
emg,5501,0.0,0.0,3515.4
acc,-0.089,-0.156,0.9023,3517.0
emg,5479,0.0,0.0,3527.0
acc,-0.082,-0.136,0.9062,3528.6
emg,5450,0.0,0.0,3538.8
acc,-0.109,-0.128,0.9023,3540.4
emg,5502,0.0,0.0,3550.7
acc,-0.093,-0.144,0.8867,3552.3
emg,5471,0.0,0.0,3562.5
acc,-0.109,-0.175,0.8945,3564.1
emg,5392,0.0,0.0,3574.2
acc,-0.117,-0.152,0.9023,3575.8
emg,5478,0.0,0.0,3586.1
acc,-0.105,-0.148,0.8867,3587.7
emg,5485,0.0,0.0,3597.7
acc,-0.128,-0.156,0.8984,3599.3
emg,5433,0.0,0.0,3609.5
acc,-0.160,-0.160,0.9140,3611.1
emg,5482,0.0,0.0,3621.3
acc,-0.160,-0.195,0.8984,3622.9
emg,5495,0.0,0.0,3633.3
acc,-0.144,-0.160,0.8984,3634.9
emg,5509,0.0,0.0,3644.9
acc,-0.125,-0.136,0.8945,3646.5
emg,5442,0.0,0.0,3656.8
acc,-0.117,-0.136,0.9023,3658.4
emg,5529,0.0,0.0,3668.6
acc,-0.097,-0.152,0.8828,3670.3
emg,5554,0.0,0.0,3680.3
acc,-0.113,-0.144,0.9023,3681.9
emg,5505,0.0,0.0,3691.9
acc,-0.125,-0.148,0.8867,3693.5
emg,5581,0.0,0.0,3703.6
acc,-0.113,-0.136,0.8984,3705.2
emg,5615,0.0,0.0,3715.2
acc,-0.121,-0.128,0.8789,3716.8
emg,5603,0.0,0.0,3726.8
acc,-0.113,-0.125,0.9023,3728.4
emg,5599,0.0,0.0,3738.6
acc,-0.113,-0.125,0.9101,3740.2
emg,5623,0.0,0.0,3750.3
acc,-0.109,-0.152,0.9101,3751.9
emg,5649,0.0,0.0,3761.8
acc,-0.101,-0.164,0.8984,3763.5
emg,5565,0.0,0.0,3773.7
acc,-0.140,-0.136,0.8671,3775.3
emg,5641,0.0,0.0,3785.3
acc,-0.093,-0.078,0.9140,3786.9
emg,5647,0.0,0.0,3797.1
acc,-0.117,-0.113,0.9179,3798.7
emg,5575,0.0,0.0,3808.9
acc,-0.132,-0.125,0.8515,3810.5
emg,5628,0.0,0.0,3820.5
acc,-0.117,-0.148,0.8867,3822.1
emg,5618,0.0,0.0,3832.2
acc,-0.093,-0.125,0.8906,3834.1
emg,5596,0.0,0.0,3844.1
acc,-0.082,-0.121,0.9140,3845.7
emg,5551,0.0,0.0,3855.9
acc,-0.101,-0.128,0.9023,3857.5
emg,5606,0.0,0.0,3867.5
acc,-0.097,-0.152,0.8789,3869.1
emg,5596,0.0,0.0,3879.4
acc,-0.097,-0.105,0.8867,3881.0
emg,5530,0.0,0.0,3891.0
acc,-0.113,-0.160,0.8984,3892.6
emg,5560,0.0,0.0,3902.8
acc,-0.113,-0.148,0.8906,3904.4
emg,5541,0.0,0.0,3914.5
acc,-0.109,-0.144,0.8906,3916.1
emg,5498,0.0,0.0,3926.2
acc,-0.121,-0.160,0.8828,3927.8
emg,5522,0.0,0.0,3938.0
acc,-0.117,-0.156,0.8984,3939.6
emg,5487,0.0,0.0,3949.8
acc,-0.140,-0.164,0.9023,3951.4
emg,5445,0.0,0.0,3961.6
acc,-0.113,-0.175,0.9023,3963.3
emg,5394,0.0,0.0,3973.3
acc,-0.128,-0.148,0.9062,3974.9
emg,5443,0.0,0.0,3985.2
acc,-0.132,-0.117,0.9062,3986.8
emg,5439,0.0,0.0,3997.0
acc,-0.128,-0.125,0.8906,3998.6
emg,5359,0.0,0.0,4008.8
acc,-0.128,-0.101,0.9414,4010.4
emg,5439,0.0,0.0,4020.5
acc,-0.132,-0.097,0.9062,4022.1
emg,5435,0.0,0.0,4032.3
acc,-0.125,-0.105,0.8867,4033.9
emg,5398,0.0,0.0,4044.1
acc,-0.105,-0.121,0.8945,4045.7
emg,5397,0.0,0.0,4055.7
acc,-0.109,-0.113,0.9140,4057.3
emg,5402,0.0,0.0,4067.5
acc,-0.101,-0.109,0.8867,4069.1
emg,5417,0.0,0.0,4079.1
acc,-0.066,-0.144,0.9101,4080.7
emg,5337,0.0,0.0,4090.9
acc,-0.128,-0.132,0.9179,4092.5
emg,5445,0.0,0.0,4102.8
acc,-0.125,-0.140,0.8945,4104.4
emg,5454,0.0,0.0,4114.6
acc,-0.113,-0.167,0.9218,4116.2
emg,5379,0.0,0.0,4127.3
acc,-0.140,-0.160,0.9023,4128.9
emg,5360,0.0,0.0,4138.9
acc,-0.121,-0.167,0.8984,4140.5
emg,5413,0.0,0.0,4150.6
acc,-0.070,-0.167,0.9140,4152.2
emg,5464,0.0,0.0,4162.4
acc,-0.093,-0.140,0.8906,4164.0
emg,5379,0.0,0.0,4174.3
acc,-0.089,-0.148,0.8984,4175.9
emg,5464,0.0,0.0,4186.1
acc,-0.082,-0.148,0.8984,4187.7
emg,5478,0.0,0.0,4197.9
acc,-0.113,-0.136,0.9023,4199.5
emg,5421,0.0,0.0,4209.7
acc,-0.128,-0.140,0.8906,4211.3
emg,5428,0.0,0.0,4221.6
acc,-0.125,-0.148,0.8984,4223.2
emg,5441,0.0,0.0,4233.5
acc,-0.117,-0.156,0.8867,4235.1
emg,5484,0.0,0.0,4245.1
acc,-0.128,-0.175,0.8984,4246.7
emg,5413,0.0,0.0,4257.6
acc,-0.101,-0.144,0.9492,4259.2
emg,5513,0.0,0.0,4269.3
acc,-0.101,-0.113,0.8984,4270.9
emg,5530,0.0,0.0,4280.9
acc,-0.105,-0.113,0.9062,4282.5
emg,5452,0.0,0.0,4292.7
acc,-0.101,-0.121,0.9023,4294.4
emg,5506,0.0,0.0,4304.4
acc,-0.105,-0.121,0.8867,4306.0
emg,5539,0.0,0.0,4316.2
acc,-0.093,-0.136,0.9101,4317.8
emg,5586,0.0,0.0,4328.0
acc,-0.109,-0.128,0.8984,4329.6
emg,5553,0.0,0.0,4339.8
acc,-0.105,-0.140,0.8906,4341.4
emg,5613,0.0,0.0,4351.5
acc,-0.121,-0.152,0.9062,4353.1
emg,5590,0.0,0.0,4363.4
acc,-0.117,-0.125,0.9062,4365.0
emg,5504,0.0,0.0,4375.0
acc,-0.128,-0.101,0.8984,4376.6
emg,5572,0.0,0.0,4386.8
acc,-0.113,-0.109,0.8828,4388.5
emg,5579,0.0,0.0,4398.7
acc,-0.136,-0.121,0.8945,4400.3
emg,5582,0.0,0.0,4410.3
acc,-0.128,-0.136,0.9101,4411.9
emg,5553,0.0,0.0,4422.1
acc,-0.125,-0.144,0.8632,4423.7
emg,5553,0.0,0.0,4433.7
acc,-0.164,-0.144,0.8945,4435.3
emg,5566,0.0,0.0,4445.3
acc,-0.132,-0.140,0.8789,4447.0
emg,5490,0.0,0.0,4457.0
acc,-0.113,-0.140,0.875,4458.6
emg,5573,0.0,0.0,4468.6
acc,-0.121,-0.140,0.8906,4470.2
emg,5616,0.0,0.0,4480.2
acc,-0.093,-0.144,0.8828,4481.8
emg,5553,0.0,0.0,4492.1
acc,-0.101,-0.164,0.8632,4493.7
emg,5629,0.0,0.0,4503.7
acc,-0.089,-0.148,0.8906,4505.3
emg,5630,0.0,0.0,4515.4
acc,-0.117,-0.136,0.9101,4517.0
emg,5615,0.0,0.0,4527.1
acc,-0.125,-0.136,0.8867,4528.7
emg,5606,0.0,0.0,4538.9
acc,-0.097,-0.132,0.8671,4540.5
emg,5619,0.0,0.0,4550.7
acc,-0.125,-0.121,0.9062,4552.3
emg,5623,0.0,0.0,4562.4
acc,-0.113,-0.136,0.8945,4564.0
emg,5545,0.0,0.0,4574.0
acc,-0.128,-0.125,0.9062,4575.6
emg,5636,0.0,0.0,4585.7
acc,-0.117,-0.121,0.8984,4587.3
emg,5646,0.0,0.0,4597.3
acc,-0.121,-0.101,0.9062,4599.0
emg,5608,0.0,0.0,4609.0
acc,-0.113,-0.109,0.9140,4610.6
emg,5693,0.0,0.0,4620.6
acc,-0.113,-0.117,0.9023,4622.3
emg,5713,0.0,0.0,4632.3
acc,-0.121,-0.125,0.9023,4633.9
emg,5722,0.0,0.0,4643.9
acc,-0.117,-0.136,0.8984,4645.5
emg,5680,0.0,0.0,4655.8
acc,-0.125,-0.164,0.8984,4657.4
emg,5726,0.0,0.0,4667.4
acc,-0.121,-0.140,0.8906,4669.0
emg,5709,0.0,0.0,4679.2
acc,-0.125,-0.144,0.8945,4680.8
emg,5608,0.0,0.0,4690.9
acc,-0.148,-0.152,0.9062,4692.5
emg,5689,0.0,0.0,4702.5
acc,-0.117,-0.140,0.8867,4704.1
emg,5669,0.0,0.0,4714.2
acc,-0.109,-0.128,0.8906,4715.8
emg,5615,0.0,0.0,4726.2
acc,-0.164,-0.136,0.9101,4727.9
emg,5627,0.0,0.0,4738.1
acc,-0.117,-0.136,0.8984,4739.7
emg,5639,0.0,0.0,4749.9
acc,-0.121,-0.144,0.9023,4751.5
emg,5636,0.0,0.0,4761.6
acc,-0.113,-0.144,0.8984,4763.2
emg,5563,0.0,0.0,4773.5
acc,-0.117,-0.132,0.8984,4775.1
emg,5596,0.0,0.0,4785.2
acc,-0.109,-0.136,0.8867,4786.8
emg,5582,0.0,0.0,4797.0
acc,-0.117,-0.070,0.8632,4798.6
emg,5507,0.0,0.0,4808.6
acc,-0.113,-0.132,0.8906,4810.2
emg,5569,0.0,0.0,4820.4
acc,-0.101,-0.144,0.8945,4822.0
emg,5577,0.0,0.0,4832.2
acc,-0.113,-0.125,0.9023,4833.8
emg,5574,0.0,0.0,4844.0
acc,-0.109,-0.132,0.8945,4845.6
emg,5532,0.0,0.0,4855.8
acc,-0.121,-0.125,0.9062,4857.4
emg,5562,0.0,0.0,4867.4
acc,-0.125,-0.128,0.8789,4869.1
emg,5567,0.0,0.0,4879.3
acc,-0.121,-0.132,0.8867,4880.9
emg,5535,0.0,0.0,4890.9
acc,-0.132,-0.128,0.8828,4892.5
emg,5630,0.0,0.0,4902.5
acc,-0.128,-0.136,0.8867,4904.1
emg,5651,0.0,0.0,4914.4
acc,-0.125,-0.136,0.8984,4916.0
emg,5626,0.0,0.0,4926.0
acc,-0.113,-0.136,0.8906,4927.6
emg,5681,0.0,0.0,4937.6
acc,-0.121,-0.148,0.8828,4939.2
emg,5705,0.0,0.0,4949.2
acc,-0.121,-0.125,0.8828,4950.8
emg,5699,0.0,0.0,4961.0
acc,-0.109,-0.136,0.8828,4962.6
emg,5677,0.0,0.0,4972.6
acc,-0.117,-0.125,0.9023,4974.2
emg,5715,0.0,0.0,4984.4
acc,-0.113,-0.144,0.8867,4986.0
emg,5700,0.0,0.0,4996.2
acc,-0.117,-0.140,0.8906,4997.8
emg,5631,0.0,0.0,5008.0
acc,-0.113,-0.144,0.8984,5009.6
emg,5699,0.0,0.0,5019.8
acc,-0.121,-0.136,0.9062,5021.4
emg,5718,0.0,0.0,5031.6
acc,-0.113,-0.128,0.8828,5033.3
emg,5680,0.0,0.0,5043.5
acc,-0.113,-0.132,0.8984,5045.1
emg,5693,0.0,0.0,5055.1
acc,-0.128,-0.136,0.8984,5056.8
emg,5720,0.0,0.0,5066.9
acc,-0.128,-0.128,0.8828,5068.5
emg,5710,0.0,0.0,5078.6
acc,-0.121,-0.132,0.8984,5080.3
emg,5660,0.0,0.0,5090.3
acc,-0.117,-0.136,0.8945,5091.9
emg,5723,0.0,0.0,5101.9
acc,-0.117,-0.136,0.8984,5103.5
emg,5720,0.0,0.0,5113.7
acc,-0.113,-0.128,0.8984,5115.3
emg,5635,0.0,0.0,5125.3
acc,-0.121,-0.109,0.9062,5126.9
emg,5688,0.0,0.0,5136.9
acc,-0.121,-0.156,0.9101,5138.5
emg,5680,0.0,0.0,5148.8
acc,-0.109,-0.140,0.9062,5150.4
emg,5643,0.0,0.0,5160.4
acc,-0.117,-0.121,0.875,5162.0
emg,5628,0.0,0.0,5172.3
acc,-0.125,-0.125,0.8984,5174.0
emg,5655,0.0,0.0,5184.1
acc,-0.113,-0.132,0.8945,5185.7
emg,5650,0.0,0.0,5195.7
acc,-0.105,-0.160,0.9179,5197.3
emg,5572,0.0,0.0,5207.3
acc,-0.121,-0.144,0.9023,5208.9
emg,5654,0.0,0.0,5218.9
acc,-0.125,-0.128,0.8984,5220.5
emg,5654,0.0,0.0,5230.8
acc,-0.082,-0.160,0.9140,5232.4
emg,5589,0.0,0.0,5242.4
acc,-0.113,-0.140,0.8945,5244.0
emg,5643,0.0,0.0,5254.3
acc,-0.113,-0.136,0.8984,5256.0
emg,5643,0.0,0.0,5266.1
acc,-0.148,-0.132,0.9101,5267.8
emg,5630,0.0,0.0,5277.8
acc,-0.117,-0.156,0.875,5279.4
emg,5564,0.0,0.0,5289.7
acc,-0.105,-0.148,0.8281,5291.3
emg,5612,0.0,0.0,5301.3
acc,-0.109,-0.160,0.9335,5302.9
emg,5609,0.0,0.0,5313.1
acc,-0.128,-0.132,0.9023,5314.8
emg,5519,0.0,0.0,5324.8
acc,-0.121,-0.148,0.8828,5326.4
emg,5601,0.0,0.0,5336.4
acc,-0.117,-0.140,0.8984,5338.1
emg,5585,0.0,0.0,5348.3
acc,-0.117,-0.144,0.8906,5349.9
emg,5561,0.0,0.0,5359.9
acc,-0.109,-0.136,0.8828,5361.5
emg,5564,0.0,0.0,5371.7
acc,-0.097,-0.113,0.8984,5373.3
emg,5596,0.0,0.0,5383.4
acc,-0.132,-0.117,0.8867,5385.0
emg,5595,0.0,0.0,5395.0
acc,-0.121,-0.136,0.8945,5396.6
emg,5534,0.0,0.0,5406.9
acc,-0.125,-0.121,0.8984,5408.5
emg,5595,0.0,0.0,5418.7
acc,-0.125,-0.125,0.9023,5420.3
emg,5601,0.0,0.0,5430.3
acc,-0.125,-0.125,0.8984,5431.9
emg,5495,0.0,0.0,5442.1
acc,-0.125,-0.121,0.9023,5443.7
emg,5558,0.0,0.0,5453.8
acc,-0.152,-0.125,0.8945,5455.5
emg,5538,0.0,0.0,5465.6
acc,-0.128,-0.140,0.9023,5467.2
emg,5528,0.0,0.0,5477.2
acc,-0.128,-0.132,0.8867,5478.9
emg,5519,0.0,0.0,5488.9
acc,-0.125,-0.148,0.8945,5490.5
emg,5557,0.0,0.0,5500.6
acc,-0.109,-0.128,0.8906,5502.2
emg,5571,0.0,0.0,5512.2
acc,-0.109,-0.140,0.8906,5513.8
emg,5490,0.0,0.0,5524.0
acc,-0.117,-0.140,0.8945,5525.7
emg,5585,0.0,0.0,5535.7
acc,-0.121,-0.121,0.8828,5537.3
emg,5577,0.0,0.0,5547.4
acc,-0.113,-0.144,0.9062,5549.0
emg,5500,0.0,0.0,5559.0
acc,-0.128,-0.132,0.9062,5560.6
emg,5549,0.0,0.0,5570.6
acc,-0.125,-0.140,0.8945,5572.2
emg,5554,0.0,0.0,5582.2
acc,-0.121,-0.121,0.9023,5583.8
emg,5521,0.0,0.0,5593.8
acc,-0.117,-0.128,0.8906,5595.4
emg,5491,0.0,0.0,5605.5
acc,-0.121,-0.164,0.8984,5607.1
emg,5524,0.0,0.0,5617.2
acc,-0.136,-0.121,0.8945,5618.8
emg,5534,0.0,0.0,5628.9
acc,-0.117,-0.128,0.8945,5630.5
emg,5479,0.0,0.0,5640.5
acc,-0.125,-0.128,0.8906,5642.1
emg,5581,0.0,0.0,5652.1
acc,-0.113,-0.140,0.8984,5653.7
emg,5597,0.0,0.0,5664.0
acc,-0.125,-0.113,0.8945,5665.6
emg,5541,0.0,0.0,5675.8
acc,-0.121,-0.125,0.8867,5677.4
emg,5599,0.0,0.0,5687.4
acc,-0.117,-0.144,0.9023,5689.0
emg,5594,0.0,0.0,5699.3
acc,-0.105,-0.136,0.8867,5700.9
emg,5574,0.0,0.0,5711.1
acc,-0.125,-0.140,0.9101,5712.7
emg,5518,0.0,0.0,5722.9
acc,-0.113,-0.148,0.9023,5724.6
emg,5589,0.0,0.0,5734.6
acc,-0.109,-0.164,0.8984,5736.3
emg,5580,0.0,0.0,5746.6
acc,-0.121,-0.125,0.875,5748.2
emg,5513,0.0,0.0,5758.2
acc,-0.109,-0.171,0.9101,5759.8
emg,5575,0.0,0.0,5769.9
acc,-0.097,-0.167,0.875,5771.5
emg,5564,0.0,0.0,5781.7
acc,-0.125,-0.125,0.8828,5783.3
emg,5522,0.0,0.0,5793.5
acc,-0.117,-0.148,0.9023,5795.1
emg,5509,0.0,0.0,5805.4
acc,-0.121,-0.140,0.8984,5807.0
emg,5572,0.0,0.0,5817.0
acc,-0.128,-0.140,0.8906,5818.6
emg,5584,0.0,0.0,5828.7
acc,-0.125,-0.125,0.9023,5830.3
emg,5498,0.0,0.0,5840.3
acc,-0.113,-0.136,0.8906,5842.0
emg,5535,0.0,0.0,5852.0
acc,-0.105,-0.136,0.8945,5853.7
emg,5515,0.0,0.0,5863.7
acc,-0.125,-0.125,0.8945,5865.3
emg,5426,0.0,0.0,5875.3
acc,-0.117,-0.144,0.9179,5876.9
emg,5475,0.0,0.0,5886.9
acc,-0.121,-0.144,0.9023,5888.5
emg,5471,0.0,0.0,5898.8
acc,-0.128,-0.140,0.9023,5900.4
emg,5466,0.0,0.0,5910.4
acc,-0.132,-0.128,0.8945,5912.0
emg,5463,0.0,0.0,5922.2
acc,-0.113,-0.128,0.9023,5923.8
emg,5474,0.0,0.0,5934.0
acc,-0.117,-0.117,0.8671,5935.6
emg,5495,0.0,0.0,5945.8
acc,-0.101,-0.132,0.8984,5947.4
emg,5405,0.0,0.0,5957.5
acc,-0.113,-0.144,0.8945,5959.1
emg,5483,0.0,0.0,5969.3
acc,-0.089,-0.152,0.9179,5970.9
emg,5497,0.0,0.0,5981.1
acc,-0.109,-0.125,0.8984,5982.7
emg,5481,0.0,0.0,5992.8
acc,-0.121,-0.136,0.8828,5994.4
emg,5484,0.0,0.0,6004.7
acc,-0.089,-0.175,0.9101,6006.3
emg,5457,0.0,0.0,6016.5
acc,-0.109,-0.148,0.8984,6018.1
emg,5452,0.0,0.0,6028.3
acc,-0.121,-0.144,0.9101,6029.9
emg,5411,0.0,0.0,6040.0
acc,-0.144,-0.140,0.9296,6041.6
emg,5515,0.0,0.0,6051.6
acc,-0.113,-0.144,0.8984,6053.2
emg,5505,0.0,0.0,6063.3
acc,-0.117,-0.140,0.9023,6064.9
emg,5413,0.0,0.0,6075.2
acc,-0.136,-0.132,0.9257,6076.8
emg,5505,0.0,0.0,6086.9
acc,-0.117,-0.128,0.8945,6088.5
emg,5514,0.0,0.0,6098.4
acc,-0.117,-0.128,0.9023,6100.0
emg,5498,0.0,0.0,6110.2
acc,-0.113,-0.128,0.9023,6111.8
emg,5559,0.0,0.0,6121.8
acc,-0.117,-0.132,0.8984,6123.4
emg,5603,0.0,0.0,6133.4
acc,-0.121,-0.140,0.8984,6135.0
emg,5593,0.0,0.0,6145.2
acc,-0.113,-0.136,0.8867,6146.8
emg,5525,0.0,0.0,6156.9
acc,-0.105,-0.144,0.8906,6158.5
emg,5593,0.0,0.0,6168.7
acc,-0.105,-0.136,0.8945,6170.3
emg,5598,0.0,0.0,6180.3
acc,-0.093,-0.140,0.9062,6181.9
emg,5505,0.0,0.0,6192.1
acc,-0.117,-0.136,0.8828,6193.7
emg,5573,0.0,0.0,6203.7
acc,-0.132,-0.128,0.8945,6205.3
emg,5559,0.0,0.0,6215.5
acc,-0.109,-0.132,0.8906,6217.1
emg,5531,0.0,0.0,6227.5
acc,-0.121,-0.125,0.8945,6229.2
emg,5462,0.0,0.0,6239.4
acc,-0.125,-0.136,0.9179,6241.0
emg,5496,0.0,0.0,6251.3
acc,-0.121,-0.136,0.9101,6253.0
emg,5497,0.0,0.0,6263.1
acc,-0.125,-0.128,0.8867,6264.8
emg,5398,0.0,0.0,6274.9
acc,-0.121,-0.109,0.8828,6276.5
emg,5474,0.0,0.0,6286.8
acc,-0.132,-0.128,0.8828,6288.4
emg,5465,0.0,0.0,6298.6
acc,-0.125,-0.132,0.8906,6300.2
emg,5406,0.0,0.0,6310.5
acc,-0.125,-0.125,0.8710,6312.1
emg,5389,0.0,0.0,6322.4
acc,-0.109,-0.144,0.9062,6324.0
emg,5433,0.0,0.0,6334.0
acc,-0.132,-0.117,0.8906,6335.6
emg,5445,0.0,0.0,6345.6
acc,-0.117,-0.128,0.9023,6347.2
emg,5350,0.0,0.0,6357.4
acc,-0.132,-0.136,0.9179,6359.0
emg,5440,0.0,0.0,6369.1
acc,-0.109,-0.140,0.8906,6370.7
emg,5423,0.0,0.0,6380.9
acc,-0.109,-0.136,0.8945,6382.5
emg,5364,0.0,0.0,6392.5
acc,-0.113,-0.140,0.9062,6394.1
emg,5399,0.0,0.0,6404.2
acc,-0.117,-0.148,0.8906,6405.8
emg,5392,0.0,0.0,6416.0
acc,-0.128,-0.136,0.9101,6417.6
emg,5366,0.0,0.0,6427.8
acc,-0.109,-0.148,0.8828,6429.4
emg,5335,0.0,0.0,6439.4
acc,-0.113,-0.160,0.8984,6441.1
emg,5386,0.0,0.0,6451.3
acc,-0.121,-0.179,0.9062,6452.9
emg,5433,0.0,0.0,6462.9
acc,-0.125,-0.140,0.8906,6464.5
emg,5324,0.0,0.0,6474.7
acc,-0.117,-0.132,0.8945,6476.3
emg,5391,0.0,0.0,6486.6
acc,-0.121,-0.132,0.9140,6488.2
emg,5417,0.0,0.0,6498.4
acc,-0.121,-0.125,0.8867,6500.0
emg,5395,0.0,0.0,6510.2
acc,-0.117,-0.117,0.9023,6511.8
emg,5403,0.0,0.0,6521.8
acc,-0.121,-0.132,0.8906,6523.4
emg,5418,0.0,0.0,6533.6
acc,-0.121,-0.128,0.9062,6535.2
emg,5422,0.0,0.0,6545.3
acc,-0.121,-0.152,0.8789,6546.9
emg,5337,0.0,0.0,6557.1
acc,-0.128,-0.156,0.8945,6558.7
emg,5415,0.0,0.0,6568.9
acc,-0.121,-0.140,0.8945,6570.5
emg,5442,0.0,0.0,6580.5
acc,-0.101,-0.144,0.9062,6582.1
emg,5379,0.0,0.0,6592.2
acc,-0.121,-0.136,0.8984,6593.8
emg,5408,0.0,0.0,6603.9
acc,-0.109,-0.152,0.8867,6605.5
emg,5446,0.0,0.0,6615.5
acc,-0.109,-0.132,0.9062,6617.1
emg,5419,0.0,0.0,6627.1
acc,-0.121,-0.132,0.8906,6628.7
emg,5405,0.0,0.0,6638.9
acc,-0.113,-0.140,0.8945,6640.5
emg,5468,0.0,0.0,6650.5
acc,-0.117,-0.148,0.9023,6652.1
emg,5460,0.0,0.0,6662.5
acc,-0.121,-0.140,0.8906,6664.1
emg,5343,0.0,0.0,6674.4
acc,-0.125,-0.148,0.8906,6676.0
emg,5425,0.0,0.0,6686.0
acc,-0.117,-0.128,0.8906,6687.6
emg,5403,0.0,0.0,6697.8
acc,-0.125,-0.132,0.8906,6699.4
emg,5338,0.0,0.0,6709.6
acc,-0.125,-0.132,0.8906,6711.2
emg,5353,0.0,0.0,6721.5
acc,-0.125,-0.132,0.9101,6723.1
emg,5384,0.0,0.0,6733.1
acc,-0.121,-0.148,0.8828,6734.8
emg,5407,0.0,0.0,6744.8
acc,-0.121,-0.128,0.8125,6746.5
emg,5351,0.0,0.0,6756.6
acc,-0.101,-0.132,0.8828,6758.2
emg,5420,0.0,0.0,6768.3
acc,-0.109,-0.136,0.8632,6769.9
emg,5453,0.0,0.0,6779.9
acc,-0.113,-0.128,0.8945,6781.5
emg,5368,0.0,0.0,6791.5
acc,-0.125,-0.128,0.9101,6793.1
emg,5426,0.0,0.0,6803.2
acc,-0.136,-0.132,0.8984,6804.8
emg,5415,0.0,0.0,6814.8
acc,-0.121,-0.121,0.8984,6816.4
emg,5382,0.0,0.0,6826.6
acc,-0.117,-0.136,0.8945,6828.2
emg,5360,0.0,0.0,6838.5
acc,-0.121,-0.121,0.8984,6840.1
emg,5396,0.0,0.0,6850.1
acc,-0.121,-0.132,0.9062,6851.7
emg,5431,0.0,0.0,6861.7
acc,-0.132,-0.144,0.8359,6863.3
emg,5358,0.0,0.0,6873.5
acc,-0.125,-0.136,0.8945,6875.1
emg,5444,0.0,0.0,6885.2
acc,-0.109,-0.113,0.8828,6886.8
emg,5453,0.0,0.0,6896.8
acc,-0.117,-0.132,0.8945,6898.4
emg,5389,0.0,0.0,6908.4
acc,-0.105,-0.144,0.8867,6910.0
emg,5452,0.0,0.0,6920.3
acc,-0.125,-0.136,0.9062,6921.9
emg,5430,0.0,0.0,6932.1
acc,-0.121,-0.136,0.8867,6933.7
emg,5409,0.0,0.0,6943.9
acc,-0.125,-0.132,0.8906,6945.5
emg,5406,0.0,0.0,6955.5
acc,-0.140,-0.125,0.8789,6957.1
emg,5441,0.0,0.0,6967.3
acc,-0.117,-0.140,0.9062,6969.0
emg,5447,0.0,0.0,6979.0
acc,-0.117,-0.132,0.8906,6980.6
emg,5381,0.0,0.0,6990.7
acc,-0.125,-0.136,0.8828,6992.3
emg,5455,0.0,0.0,7002.5
acc,-0.117,-0.128,0.8828,7004.1
emg,5465,0.0,0.0,7014.4
acc,-0.125,-0.121,0.8125,7016.0
emg,5433,0.0,0.0,7026.0
acc,-0.132,-0.121,0.8945,7027.6
emg,5498,0.0,0.0,7037.6
acc,-0.109,-0.097,0.8671,7039.2
emg,5511,0.0,0.0,7049.2
acc,-0.121,-0.152,0.8789,7050.8
emg,5527,0.0,0.0,7060.9
acc,-0.113,-0.113,0.8593,7062.5
emg,5485,0.0,0.0,7072.7
acc,-0.121,-0.136,0.8906,7074.3
emg,5546,0.0,0.0,7084.3
acc,-0.152,-0.140,0.9023,7085.9
emg,5590,0.0,0.0,7096.0
acc,-0.128,-0.132,0.8906,7097.6
emg,5545,0.0,0.0,7107.6
acc,-0.121,-0.132,0.9062,7109.2
emg,5641,0.0,0.0,7119.2
acc,-0.121,-0.136,0.8867,7120.8
emg,5632,0.0,0.0,7130.8
acc,-0.117,-0.128,0.9023,7132.4
emg,5544,0.0,0.0,7142.9
acc,-0.109,-0.140,0.9062,7144.5
emg,5607,0.0,0.0,7154.5
acc,-0.113,-0.140,0.8828,7156.1
emg,5599,0.0,0.0,7166.3
acc,-0.109,-0.132,0.8984,7167.9
emg,5581,0.0,0.0,7177.9
acc,-0.113,-0.140,0.9101,7179.5
emg,5518,0.0,0.0,7189.5
acc,-0.125,-0.136,0.8945,7191.1
emg,5566,0.0,0.0,7201.3
acc,-0.117,-0.125,0.8867,7202.9
emg,5572,0.0,0.0,7213.2
acc,-0.113,-0.144,0.8867,7214.8
emg,5508,0.0,0.0,7224.9
acc,-0.125,-0.121,0.8984,7226.5
emg,5571,0.0,0.0,7236.7
acc,-0.113,-0.109,0.8828,7238.3
emg,5532,0.0,0.0,7248.5
acc,-0.113,-0.125,0.8984,7250.2
emg,5487,0.0,0.0,7260.3
acc,-0.117,-0.136,0.9023,7261.9
emg,5488,0.0,0.0,7272.0
acc,-0.128,-0.128,0.9023,7273.6
emg,5554,0.0,0.0,7283.6
acc,-0.128,-0.125,0.8828,7285.2
emg,5586,0.0,0.0,7295.4
acc,-0.121,-0.132,0.8984,7297.0
emg,5480,0.0,0.0,7307.3
acc,-0.144,-0.128,0.8945,7308.9
emg,5557,0.0,0.0,7318.9
acc,-0.125,-0.140,0.9023,7320.5
emg,5556,0.0,0.0,7330.6
acc,-0.113,-0.132,0.9179,7332.2
emg,5460,0.0,0.0,7342.5
acc,-0.128,-0.125,0.8984,7344.1
emg,5513,0.0,0.0,7354.2
acc,-0.121,-0.101,0.8789,7355.8
emg,5509,0.0,0.0,7366.1
acc,-0.109,-0.140,0.8984,7367.7
emg,5499,0.0,0.0,7377.9
acc,-0.121,-0.132,0.8906,7379.5
emg,5452,0.0,0.0,7389.7
acc,-0.117,-0.125,0.9062,7391.3
emg,5507,0.0,0.0,7401.6
acc,-0.109,-0.121,0.9023,7403.2
emg,5501,0.0,0.0,7413.4
acc,-0.117,-0.121,0.9023,7415.0
emg,5426,0.0,0.0,7425.0
acc,-0.113,-0.152,0.8984,7426.6
emg,5523,0.0,0.0,7436.6
acc,-0.113,-0.132,0.9062,7438.2
emg,5557,0.0,0.0,7448.2
acc,-0.132,-0.132,0.9218,7449.8
emg,5544,0.0,0.0,7459.8
acc,-0.125,-0.152,0.8984,7461.4
emg,5550,0.0,0.0,7471.5
acc,-0.125,-0.132,0.9023,7473.1
emg,5589,0.0,0.0,7483.1
acc,-0.117,-0.128,0.8867,7484.8
emg,5577,0.0,0.0,7494.9
acc,-0.121,-0.132,0.8945,7496.5
emg,5537,0.0,0.0,7506.7
acc,-0.121,-0.128,0.8945,7508.3
emg,5592,0.0,0.0,7518.5
acc,-0.128,-0.136,0.8906,7520.1
emg,5572,0.0,0.0,7530.4
acc,-0.125,-0.125,0.9179,7532.0
emg,5482,0.0,0.0,7542.2
acc,-0.117,-0.128,0.9179,7543.8
emg,5518,0.0,0.0,7553.8
acc,-0.125,-0.117,0.875,7555.4
emg,5511,0.0,0.0,7565.5
acc,-0.125,-0.148,0.9023,7567.1
emg,5498,0.0,0.0,7577.1
acc,-0.121,-0.140,0.8984,7578.7
emg,5489,0.0,0.0,7588.7
acc,-0.105,-0.089,0.8632,7590.3
emg,5534,0.0,0.0,7600.6
acc,-0.113,-0.136,0.8828,7602.2
emg,5554,0.0,0.0,7612.2
acc,-0.125,-0.125,0.9023,7613.8
emg,5495,0.0,0.0,7623.8
acc,-0.117,-0.140,0.8906,7625.4
emg,5583,0.0,0.0,7635.4
acc,-0.105,-0.136,0.8906,7637.0
emg,5603,0.0,0.0,7647.2
acc,-0.152,-0.128,0.8867,7648.8
emg,5514,0.0,0.0,7659.1
acc,-0.109,-0.148,0.9062,7660.7
emg,5559,0.0,0.0,7670.8
acc,-0.109,-0.140,0.8945,7672.5
emg,5585,0.0,0.0,7682.5
acc,-0.117,-0.136,0.8945,7684.1
emg,5592,0.0,0.0,7694.2
acc,-0.125,-0.121,0.8906,7695.8
emg,5586,0.0,0.0,7705.8
acc,-0.121,-0.132,0.8984,7707.4
emg,5633,0.0,0.0,7717.4
acc,-0.117,-0.117,0.9023,7719.0
emg,5639,0.0,0.0,7729.3
acc,-0.132,-0.125,0.8945,7731.0
emg,5523,0.0,0.0,7741.2
acc,-0.136,-0.128,0.9140,7742.9
emg,5590,0.0,0.0,7753.3
acc,-0.121,-0.136,0.8945,7754.9
emg,5602,0.0,0.0,7765.0
acc,-0.117,-0.144,0.8867,7766.6
emg,5607,0.0,0.0,7776.6
acc,-0.117,-0.132,0.8828,7778.2
emg,5605,0.0,0.0,7788.5
acc,-0.121,-0.125,0.8945,7790.1
emg,5633,0.0,0.0,7800.3
acc,-0.125,-0.132,0.8984,7801.9
emg,5626,0.0,0.0,7812.1
acc,-0.117,-0.125,0.8906,7813.7
emg,5539,0.0,0.0,7823.9
acc,-0.113,-0.164,0.8906,7825.5
emg,5587,0.0,0.0,7835.7
acc,-0.121,-0.136,0.8789,7837.3
emg,5652,0.0,0.0,7847.4
acc,-0.121,-0.128,0.9023,7849.0
emg,5575,0.0,0.0,7859.0
acc,-0.121,-0.144,0.8828,7860.6
emg,5631,0.0,0.0,7870.6
acc,-0.105,-0.144,0.8906,7872.2
emg,5634,0.0,0.0,7882.2
acc,-0.121,-0.136,0.8906,7883.8
emg,5591,0.0,0.0,7894.2
acc,-0.109,-0.125,0.9101,7895.8
emg,5562,0.0,0.0,7906.0
acc,-0.121,-0.117,0.8984,7907.6
emg,5587,0.0,0.0,7917.9
acc,-0.121,-0.128,0.9023,7919.5
emg,5609,0.0,0.0,7929.4
acc,-0.117,-0.140,0.8984,7931.0
emg,5539,0.0,0.0,7941.0
acc,-0.121,-0.121,0.8789,7942.7
emg,5607,0.0,0.0,7952.8
acc,-0.125,-0.160,0.8867,7954.4
emg,5645,0.0,0.0,7964.4
acc,-0.105,-0.144,0.9062,7966.0
emg,5608,0.0,0.0,7976.1
acc,-0.117,-0.121,0.9023,7977.7
emg,5647,0.0,0.0,7987.9
acc,-0.113,-0.136,0.8867,7989.5
emg,5674,0.0,0.0,7999.7
acc,-0.117,-0.132,0.8828,8001.3
emg,5661,0.0,0.0,8011.5
acc,-0.109,-0.132,0.8906,8013.1
emg,5575,0.0,0.0,8023.4
acc,-0.121,-0.128,0.8945,8025.0
emg,5601,0.0,0.0,8035.3
acc,-0.101,-0.132,0.8945,8036.9
emg,5591,0.0,0.0,8047.1
acc,-0.109,-0.136,0.8984,8048.7
emg,5530,0.0,0.0,8058.7
acc,-0.121,-0.121,0.8867,8060.3
emg,5595,0.0,0.0,8070.5
acc,-0.117,-0.136,0.8945,8072.1
emg,5628,0.0,0.0,8082.2
acc,-0.117,-0.136,0.8906,8083.8
emg,5613,0.0,0.0,8093.8
acc,-0.121,-0.132,0.8984,8095.4
emg,5585,0.0,0.0,8105.6
acc,-0.121,-0.132,0.8632,8107.2
emg,5614,0.0,0.0,8117.4
acc,-0.113,-0.136,0.875,8119.0
emg,5602,0.0,0.0,8129.2
acc,-0.132,-0.113,0.8945,8130.8
emg,5519,0.0,0.0,8141.0
acc,-0.101,-0.140,0.8945,8142.6
emg,5603,0.0,0.0,8152.6
acc,-0.121,-0.125,0.8867,8154.2
emg,5615,0.0,0.0,8164.3
acc,-0.128,-0.121,0.8867,8165.9
emg,5553,0.0,0.0,8176.2
acc,-0.125,-0.128,0.8828,8177.8
emg,5592,0.0,0.0,8187.8
acc,-0.121,-0.144,0.8984,8189.4
emg,5586,0.0,0.0,8199.6
acc,-0.125,-0.125,0.8945,8201.2
emg,5563,0.0,0.0,8211.4
acc,-0.125,-0.140,0.8867,8213.0
emg,5503,0.0,0.0,8223.1
acc,-0.121,-0.128,0.8984,8224.8
emg,5550,0.0,0.0,8234.8
acc,-0.109,-0.136,0.8984,8236.4
emg,5522,0.0,0.0,8246.7
acc,-0.113,-0.132,0.8945,8248.4
emg,5416,0.0,0.0,8258.5
acc,-0.117,-0.132,0.9023,8260.1
emg,5460,0.0,0.0,8270.2
acc,-0.121,-0.132,0.8906,8271.8
emg,5459,0.0,0.0,8281.8
acc,-0.125,-0.128,0.8984,8283.4
emg,5422,0.0,0.0,8293.5
acc,-0.121,-0.132,0.9023,8295.1
emg,5417,0.0,0.0,8305.1
acc,-0.117,-0.132,0.9023,8306.7
emg,5449,0.0,0.0,8316.8
acc,-0.121,-0.128,0.9140,8318.4
emg,5461,0.0,0.0,8328.7
acc,-0.125,-0.121,0.9023,8330.3
emg,5406,0.0,0.0,8340.3
acc,-0.136,-0.128,0.9023,8341.9
emg,5468,0.0,0.0,8352.1
acc,-0.113,-0.128,0.9062,8353.7
emg,5471,0.0,0.0,8363.9
acc,-0.113,-0.140,0.8789,8365.6
emg,5386,0.0,0.0,8375.8
acc,-0.117,-0.136,0.8984,8377.4
emg,5432,0.0,0.0,8387.4
acc,-0.128,-0.132,0.8906,8389.0
emg,5439,0.0,0.0,8399.3
acc,-0.121,-0.117,0.8906,8400.9
emg,5442,0.0,0.0,8410.9
acc,-0.105,-0.136,0.8906,8412.5
emg,5388,0.0,0.0,8422.8
acc,-0.121,-0.125,0.9023,8424.4
emg,5458,0.0,0.0,8434.4
acc,-0.078,-0.167,0.9179,8436.0
emg,5451,0.0,0.0,8446.0
acc,-0.121,-0.140,0.9062,8447.6
emg,5368,0.0,0.0,8457.6
acc,-0.117,-0.144,0.8945,8459.3
emg,5454,0.0,0.0,8469.3
acc,-0.125,-0.125,0.8906,8470.9
emg,5462,0.0,0.0,8480.9
acc,-0.121,-0.140,0.9101,8482.5
emg,5404,0.0,0.0,8492.5
acc,-0.125,-0.128,0.8789,8494.1
emg,5463,0.0,0.0,8504.3
acc,-0.125,-0.132,0.9062,8505.9
emg,5484,0.0,0.0,8515.9
acc,-0.109,-0.144,0.9023,8517.5
emg,5473,0.0,0.0,8527.7
acc,-0.128,-0.128,0.8906,8529.3
emg,5427,0.0,0.0,8539.3
acc,-0.109,-0.089,0.8671,8540.9
emg,5476,0.0,0.0,8551.0
acc,-0.128,-0.132,0.8945,8552.6
emg,5494,0.0,0.0,8562.6
acc,-0.121,-0.125,0.8906,8564.2
emg,5393,0.0,0.0,8574.3
acc,-0.125,-0.132,0.9023,8576.0
emg,5470,0.0,0.0,8586.0
acc,-0.128,-0.136,0.9062,8587.6
emg,5483,0.0,0.0,8597.6
acc,-0.128,-0.121,0.8984,8599.2
emg,5400,0.0,0.0,8609.5
acc,-0.125,-0.132,0.8906,8611.1
emg,5428,0.0,0.0,8621.1
acc,-0.121,-0.128,0.8828,8622.8
emg,5454,0.0,0.0,8632.8
acc,-0.121,-0.128,0.875,8634.4
emg,5457,0.0,0.0,8644.6
acc,-0.117,-0.117,0.8945,8646.2
emg,5426,0.0,0.0,8664.6
acc,-0.121,-0.128,0.8867,8666.2
emg,5295,0.0,0.0,8676.4
acc,-0.125,-0.128,0.8789,8678.0
emg,5332,0.0,0.0,8688.2
acc,-0.121,-0.128,0.8906,8689.8
emg,5380,0.0,0.0,8699.8
acc,-0.109,-0.136,0.8906,8701.4
emg,5436,0.0,0.0,8711.5
acc,-0.117,-0.136,0.8984,8713.1
emg,5390,0.0,0.0,8723.1
acc,-0.101,-0.156,0.9140,8724.8
emg,5465,0.0,0.0,8734.8
acc,-0.109,-0.136,0.8984,8736.6
emg,5489,0.0,0.0,8746.6
acc,-0.136,-0.109,0.8828,8748.2
emg,5403,0.0,0.0,8758.4
acc,-0.152,-0.128,0.9140,8760.1
emg,5471,0.0,0.0,8770.3
acc,-0.105,-0.144,0.8359,8771.9
emg,5466,0.0,0.0,8782.1
acc,-0.109,-0.140,0.8984,8783.7
emg,5460,0.0,0.0,8793.7
acc,-0.136,-0.128,0.9179,8795.3
emg,5423,0.0,0.0,8805.3
acc,-0.117,-0.128,0.8867,8807.0
emg,5462,0.0,0.0,8817.2
acc,-0.128,-0.132,0.8945,8818.8
emg,5457,0.0,0.0,8829.0
acc,-0.109,-0.136,0.9023,8830.6
emg,5359,0.0,0.0,8840.8
acc,-0.132,-0.128,0.9296,8842.4
emg,5464,0.0,0.0,8852.4
acc,-0.117,-0.121,0.8945,8854.0
emg,5464,0.0,0.0,8864.3
acc,-0.117,-0.140,0.9062,8865.9
emg,5410,0.0,0.0,8875.9
acc,-0.125,-0.132,0.8867,8877.6
emg,5457,0.0,0.0,8887.6
acc,-0.121,-0.136,0.8945,8889.2
emg,5452,0.0,0.0,8899.3
acc,-0.128,-0.125,0.9023,8900.9
emg,5472,0.0,0.0,8910.9
acc,-0.121,-0.121,0.9023,8912.5
emg,5465,0.0,0.0,8922.5
acc,-0.117,-0.128,0.8906,8924.2
emg,5520,0.0,0.0,8934.2
acc,-0.113,-0.136,0.9023,8935.8
emg,5574,0.0,0.0,8945.8
acc,-0.132,-0.125,0.9062,8947.4
emg,5501,0.0,0.0,8957.7
acc,-0.121,-0.132,0.8789,8959.3
emg,5581,0.0,0.0,8969.3
acc,-0.117,-0.128,0.9023,8970.9
emg,5542,0.0,0.0,8981.1
acc,-0.121,-0.136,0.8906,8982.7
emg,5461,0.0,0.0,8992.9
acc,-0.117,-0.085,0.8632,8994.5
emg,5487,0.0,0.0,9004.8
acc,-0.105,-0.148,0.8906,9006.4
emg,5510,0.0,0.0,9016.6
acc,-0.125,-0.128,0.9023,9018.2
emg,5512,0.0,0.0,9028.2
acc,-0.140,-0.082,0.875,9029.8
emg,5435,0.0,0.0,9040.0
acc,-0.113,-0.125,0.8945,9041.6
emg,5501,0.0,0.0,9051.6
acc,-0.125,-0.128,0.8984,9053.3
emg,5493,0.0,0.0,9063.5
acc,-0.113,-0.148,0.8906,9065.1
emg,5415,0.0,0.0,9075.3
acc,-0.117,-0.128,0.8945,9076.9
emg,5513,0.0,0.0,9086.9
acc,-0.117,-0.125,0.9023,9088.5
emg,5522,0.0,0.0,9098.7
acc,-0.089,-0.128,0.875,9100.3
emg,5509,0.0,0.0,9110.6
acc,-0.105,-0.132,0.8906,9112.1
emg,5468,0.0,0.0,9122.4
acc,-0.125,-0.140,0.8828,9124.0
emg,5512,0.0,0.0,9134.2
acc,-0.117,-0.140,0.8945,9135.9
emg,5501,0.0,0.0,9146.1
acc,-0.128,-0.136,0.8945,9147.7
emg,5441,0.0,0.0,9157.7
acc,-0.125,-0.140,0.9296,9159.3
emg,5509,0.0,0.0,9169.5
acc,-0.121,-0.132,0.9218,9171.1
emg,5519,0.0,0.0,9181.3
acc,-0.121,-0.128,0.8945,9182.9
emg,5469,0.0,0.0,9193.2
acc,-0.109,-0.136,0.9140,9194.9
emg,5462,0.0,0.0,9205.1
acc,-0.109,-0.136,0.8945,9206.7
emg,5510,0.0,0.0,9216.7
acc,-0.117,-0.125,0.8984,9218.3
emg,5521,0.0,0.0,9228.3
acc,-0.132,-0.125,0.8867,9229.9
emg,5481,0.0,0.0,9240.1
acc,-0.117,-0.136,0.8945,9241.7
emg,5534,0.0,0.0,9251.8
acc,-0.132,-0.132,0.9062,9253.5
emg,5564,0.0,0.0,9263.6
acc,-0.136,-0.128,0.8945,9265.3
emg,5471,0.0,0.0,9275.3
acc,-0.128,-0.140,0.8945,9276.9
emg,5537,0.0,0.0,9287.0
acc,-0.113,-0.136,0.8867,9288.6
emg,5526,0.0,0.0,9298.8
acc,-0.117,-0.128,0.8789,9300.4
emg,5518,0.0,0.0,9310.5
acc,-0.117,-0.140,0.9062,9312.1
emg,5526,0.0,0.0,9322.3
acc,-0.113,-0.132,0.8945,9323.9
emg,5572,0.0,0.0,9333.9
acc,-0.132,-0.105,0.8945,9335.5
emg,5573,0.0,0.0,9345.8
acc,-0.117,-0.121,0.8867,9347.4
emg,5480,0.0,0.0,9357.6
acc,-0.132,-0.128,0.8906,9359.2
emg,5559,0.0,0.0,9369.4
acc,-0.121,-0.128,0.8945,9371.0
emg,5553,0.0,0.0,9381.3
acc,-0.125,-0.132,0.9257,9382.9
emg,5492,0.0,0.0,9393.1
acc,-0.113,-0.140,0.8867,9394.8
emg,5517,0.0,0.0,9404.8
acc,-0.121,-0.128,0.9023,9406.4
emg,5529,0.0,0.0,9416.6
acc,-0.121,-0.144,0.9101,9418.2
emg,5528,0.0,0.0,9428.2
acc,-0.117,-0.136,0.8867,9429.8
emg,5438,0.0,0.0,9440.0
acc,-0.128,-0.136,0.8867,9441.6
emg,5496,0.0,0.0,9451.9
acc,-0.128,-0.117,0.8945,9453.5
emg,5496,0.0,0.0,946